2020011316462587
2020011420215965
2020011714212373
2020012711572123
2020013101384275
2020013111033216
2020020711085077
2020021300172442
2020021407254036
2020022011044155
2020030522094767
2020031013392617
2020031317325840
2020031501263839
2020031619504382
2020031809443476
2020032123095436
2020032905574065
2020040312591777
2020040314303038
2020040814182960
2020041002205459
2020042117162921
2020042117220103
2020042117561794
2020042423005568
2020042622051388
2020042700081419
2020050714382581
2020051019150312
2020051216395241
2020051404235302
2020051508370365
2020052112040204
2020053005511365
2020060701405629
2020060913432408
2020061123075834
2020061510264585
2020061510393638
2020061912382845
2020062000055210
2020062214194710
2020062618473981
2020062803431645
2020070515244668
2020070709153601
2020071019060139
2020071601263278
2020071700202980
2020071719243663
2020072418390798
2020073122075598
2020080602375332
2020081002215071
2020081008302136
2020081017450044
2020082019143775
2020082800192671
2020090409001719
2020090418075385
2020091507285901
2020091623194445
2020093022060101
2020101002211723
2020101704043132
2020102719323799
2020103005295547
2020110704593594
2020110800194087
2020110820221170
2020110905584655
2020111101310859
2020111819503877
2020112411375186
2020120422500125
2020121402595994
2020121702161065
2020121908220171
2020122120441875
2020122420345868
2020122922285741
2019010108473126
2019010412534640
2019011102533194
2019011216504700
2019011217500237
2019011318283603
2019011403091741
2019011412252153
2019011523002801
2019013106040073
2019020301172480
2019020307574192
2019020812164274
2019022321280858
2019022605524057
2019030118131155
2019030402310626
2019030616515196
2019030706181452
2019031209431358
2019032618364993
2019040107573040
2019041117065646
2019041207542059
2019041714353294
2019041810040904
2019041914411255
2019051213243438
2019051620344615
2019051714422485
2019052305555676
2019052315131049
2019052515400801
2019052707540582
2019060301573926
2019060415043305
2019061010394262
2019061023173916
2019061507250662
2019070110102942
2019070702323028
2019071213041219
2019071220365428
2019071705331096
2019071804583789
2019071820025431
2019072422592205
2019072503371109
2019080408473309
2019080802274382
2019080804245756
2019081502162613
2019082015565345
2019090101515128
2019090900360545
2019091118484971
2019091514085906
2019091602275982
2019092009090456
2019092203533762
2019092220594925
2019093005344047
