      0.0      50.0      90.0     110.0     130.0     150.0     170.0     190.0 
      0.0      10.0      30.0      50.0      70.0      90.0     110.0     130.0 
      0.0       0.0       0.0       0.0       0.0       0.0       0.0       0.0 
      0.0       0.05      0.05      0.05      0.05      0.05      0.05      0.05
      0.0       0.05      0.05      0.05      0.05      0.08      0.08      0.10
      0.0       0.05      0.05      0.10      0.10      0.10      0.10      0.10
      0.0       0.10      0.10      0.10      0.10      0.15      0.15      0.15
      0.0       0.10      0.10      0.10      0.15      0.15      0.20      0.20
      0.0       0.10      0.10      0.15      0.15      0.20      0.20      0.25
      0.0       0.10      0.10      0.15      0.20      0.20      0.25      0.25
      0.0       0.0       0.0       0.0       0.0       0.0       0.0       0.0 
      0.0       0.09      0.09      0.09      0.09      0.09      0.09      0.09
      0.0       0.09      0.09      0.09      0.09      0.14      0.14      0.14
      0.0       0.09      0.09      0.17      0.17      0.17      0.17      0.17
      0.0       0.17      0.17      0.17      0.17      0.26      0.26      0.26
      0.0       0.17      0.17      0.17      0.26      0.26      0.34      0.34
      0.0       0.17      0.17      0.26      0.26      0.34      0.34      0.43
      0.0       0.17      0.17      0.26      0.34      0.34      0.43      0.43
